AFI_validity_rate_origin: 0.96, AFI_validity_rate_cl: 0.991
AFI_uniqueness_rate_origin: 0.536, AFI_uniqueness_rate_cl: 0.556
AFI_novelty_rate_origin: 0.8619402985074627, AFI_novelty_rate_cl: 0.8776978417266187
AFI_reconstructability_rate_origin: 0.13805970149253732, AFI_reconstructability_rate_cl: 0.1223021582733813
AFI_IntDiv_origin: 0.8355384311719931, AFI_IntDiv_cl: 0.8391299668011901
AFI_FCD_score_origin: 5.452421771259896, AFI_FCD_score_cl: 4.101164941491845
