AFI_validity_rate_origin: 0.998, AFI_validity_rate_cl: 0.963
AFI_uniqueness_rate_origin: 0.33, AFI_uniqueness_rate_cl: 0.481
AFI_novelty_rate_origin: 0.7272727272727273, AFI_novelty_rate_cl: 0.8274428274428275
AFI_reconstructability_rate_origin: 0.2727272727272727, AFI_reconstructability_rate_cl: 0.17255717255717257
AFI_IntDiv_origin: 0.7774910774229551, AFI_IntDiv_cl: 0.8408324703311517
AFI_FCD_score_origin: 3.887700367530641, AFI_FCD_score_cl: 1.3178091025019754
