CHA_validity_rate_origin: 0.996, CHA_validity_rate_cl: 0.972
CHA_uniqueness_rate_origin: 0.412, CHA_uniqueness_rate_cl: 0.599
CHA_novelty_rate_origin: 0.6941747572815534, CHA_novelty_rate_cl: 0.8046744574290484
CHA_reconstructability_rate_origin: 0.3058252427184466, CHA_reconstructability_rate_cl: 0.19532554257095158
CHA_IntDiv_origin: 0.8830681144108509, CHA_IntDiv_cl: 0.8913044600441327
CHA_FCD_score_origin: 2.077953540239747, CHA_FCD_score_cl: 1.4377884289615714
